Matrix A:

1 1 0 0 0 0 0
-1 -1 0 0 0 0 0
0 0 0 0 0 1 1
0 0 0 0 0 -1 -1
0 1 1 1 0 0 0
0 -1 -1 -1 0 0 0
0 0 1 0 1 0 0
0 0 -1 0 -1 0 0
1 0 0 0 1 0 0
-1 0 0 0 -1 0 0
0 1 1 0 0 0 0
0 -1 -1 0 0 0 0
0 0 0 1 1 0 0
0 0 0 -1 -1 0 0
0 0 0 0 0 1 0
0 0 0 0 0 -1 0
1 0 0 0 0 0 0
-1 0 0 0 0 0 0
0 1 0 0 0 0 0
0 -1 0 0 0 0 0
0 0 1 0 0 0 0
0 0 -1 0 0 0 0
0 0 0 1 0 0 0
0 0 0 -1 0 0 0
0 0 0 0 1 0 0
0 0 0 0 -1 0 0
0 0 0 0 0 1 0
0 0 0 0 0 -1 0
0 0 0 0 0 0 1
0 0 0 0 0 0 -1

Vector b:

1
-1
1
-1
1
-1
1
-1
1
-1
1
-1
1
-1
1
-1
1
0
1
0
1
0
1
0
1
0
1
0
1
0

Zero-one equations:

(1 * x1) + (1 * x2) == 1 
 (1 * x2) + (1 * x3) + (1 * x4) == 1 
 (1 * x3) + (1 * x5) == 1 
 (1 * x1) + (1 * x5) == 1 
 (1 * x2) + (1 * x3) == 1 
 (1 * x4) + (1 * x5) == 1

Solution for this group: (0, 1, 0, 0, 1, 0, 0)

Zero-one equations:

(1 * x6) + (1 * x7) == 1 
 (1 * x6) == 1

Solution for this group: (0, 0, 0, 0, 0, 1, 0)

Overall solution: 
x_0 = 0
x_1 = 1
x_2 = 0
x_3 = 0
x_4 = 1
x_5 = 1
x_6 = 0
